{
  "advancedEditorSelectedIdentifier" : "ProjectBrowser",
  "openSceneRelativePaths" : [
    "Immersive.usda",
    "hands.usda"
  ],
  "recentIdentifiers" : {
    "1D572CEB-057A-41C3-B575-04C37501A3C0" : [

    ],
    "362ABFED-B01D-4467-84B0-77A607683F4F" : [

    ]
  },
  "sceneCameraHistory" : {
    "1D572CEB-057A-41C3-B575-04C37501A3C0" : [
      {
        "date" : 717141193.436331,
        "title" : "Untitled",
        "transform" : [
          0.9669019,
          -1.1475549e-09,
          -0.25514868,
          0,
          -0.11605987,
          0.89055705,
          -0.43981624,
          0,
          0.22722436,
          0.45487162,
          0.8610812,
          0,
          0.6303334,
          0.47269738,
          2.5715523,
          1
        ]
      },
      {
        "date" : 717141191.453446,
        "title" : "Untitled",
        "transform" : [
          0.9669019,
          -1.1475549e-09,
          -0.25514868,
          0,
          -0.11605987,
          0.89055705,
          -0.43981624,
          0,
          0.22722436,
          0.45487162,
          0.8610812,
          0,
          1.0441325,
          1.0988723,
          2.131577,
          1
        ]
      },
      {
        "date" : 717141189.453451,
        "title" : "Untitled",
        "transform" : [
          0.9669019,
          -1.1475549e-09,
          -0.25514868,
          0,
          -0.11605987,
          0.89055705,
          -0.43981624,
          0,
          0.22722436,
          0.45487162,
          0.8610812,
          0,
          0.56494564,
          0.49143562,
          2.5789084,
          1
        ]
      },
      {
        "date" : 717141187.619661,
        "title" : "Untitled",
        "transform" : [
          0.9669019,
          -1.1475549e-09,
          -0.25514868,
          0,
          -0.11605987,
          0.89055705,
          -0.43981624,
          0,
          0.22722436,
          0.45487162,
          0.8610812,
          0,
          0.35480577,
          0.19439682,
          2.7912734,
          1
        ]
      },
      {
        "date" : 717141184.820128,
        "title" : "Untitled",
        "transform" : [
          0.9669019,
          -1.1475549e-09,
          -0.25514868,
          0,
          -0.11605987,
          0.89055705,
          -0.43981624,
          0,
          0.22722436,
          0.45487162,
          0.8610812,
          0,
          0.25387305,
          0.16966426,
          2.830973,
          1
        ]
      },
      {
        "date" : 717141179.520176,
        "title" : "Untitled",
        "transform" : [
          0.9669019,
          -1.1475549e-09,
          -0.25514868,
          0,
          -0.11605987,
          0.89055705,
          -0.43981624,
          0,
          0.22722436,
          0.45487162,
          0.8610812,
          0,
          -0.013033763,
          0.11937691,
          2.9279695,
          1
        ]
      },
      {
        "date" : 717141170.09002,
        "title" : "Untitled",
        "transform" : [
          0.9655969,
          -1.1475549e-09,
          -0.26004362,
          0,
          -0.11828644,
          0.89055705,
          -0.43922263,
          0,
          0.23158363,
          0.45487168,
          0.85991913,
          0,
          0.4682504,
          0.9856466,
          1.9987218,
          1
        ]
      },
      {
        "date" : 717141166.886828,
        "title" : "Untitled",
        "transform" : [
          0.2597095,
          0,
          -0.9656868,
          0,
          -0.6828436,
          0.7071068,
          -0.18364236,
          0,
          0.6828437,
          0.70710677,
          0.18364237,
          0,
          1.5741609,
          1.5697937,
          0.4933673,
          1
        ]
      },
      {
        "date" : 717140693.791949,
        "title" : "Untitled",
        "transform" : [
          0.26193386,
          0,
          -0.96508586,
          0,
          -0.6824187,
          0.7071068,
          -0.1852152,
          0,
          0.68241876,
          0.70710677,
          0.18521522,
          0,
          0.33156615,
          0.28342757,
          0.16005032,
          1
        ]
      },
      {
        "date" : 717140691.158708,
        "title" : "Untitled",
        "transform" : [
          0.26193386,
          0,
          -0.96508586,
          0,
          -0.6824187,
          0.7071068,
          -0.1852152,
          0,
          0.68241876,
          0.70710677,
          0.18521522,
          0,
          0.3346747,
          0.27423623,
          0.18368718,
          1
        ]
      }
    ],
    "362ABFED-B01D-4467-84B0-77A607683F4F" : [
      {
        "date" : 731739734.430878,
        "title" : "Untitled",
        "transform" : [
          1,
          0,
          -0,
          0,
          -0,
          0.86516255,
          -0.5014915,
          0,
          0,
          0.5014915,
          0.86516255,
          0,
          0.20889938,
          3.4889872,
          4.411958,
          1
        ]
      }
    ],
    "D66134B1-3681-4A8E-AFE5-29F257229F3B" : [
      {
        "date" : 716106031.420817,
        "title" : "Untitled",
        "transform" : [
          1,
          0,
          0,
          0,
          0,
          0.8660253,
          -0.5000001,
          0,
          0,
          0.5000001,
          0.8660253,
          0,
          0,
          0.46248695,
          0.8010509,
          1
        ]
      }
    ]
  },
  "selectedSceneRelativePath" : "hands.usda"
}